[model]
path = "resources/model/default_model.onnx"
width = 67
height = 40

[route]
path = "routes/16_lblj.as64"

[thresholds]
probability = 0.6
undo = 4.5

[capture]
process = "chrome.exe"
region = [ 267, 178, 959, 703,]
size = [ 1936, 1048,]

[regions.system]
game = [ 0.0, 0.0, 1.0, 1.0,]
star_US = [ 0.8314424635332253, 0.015418502202643172, 0.14424635332252836, 0.10352422907488987,]
star_JP = [ 0.8349514563106796, 0.015486725663716814, 0.1488673139158576, 0.1084070796460177,]
life_US = [ 0.05834683954619125, 0.028634361233480177, 0.10210696920583469, 0.973568281938326,]
life_JP = [ 0.05834683954619125, 0.022026431718061675, 0.10210696920583469, 0.09251101321585903,]
fadeout = [ 0.4586709886547812, 0.45374449339207046, 0.08103727714748785, 0.11013215859030837,]
fadein = [ 0.3727714748784441, 0.19823788546255505, 0.2544570502431118, 0.11013215859030837,]
reset = [ 0.3079416531604538, 0.30176211453744495, 0.406807131280389, 0.30176211453744495,]
no_hud = [ 0.0, 0.23348017621145375, 1.0, 0.6277533039647577,]
final_star = [ 0.22653721682847897, 0.13053097345132744, 0.5436893203883495, 0.7212389380530974,]
xcam = [ 0.899513776337115, 0.8876651982378855, 0.03727714748784441, 0.05066079295154185,]
